Link          1        2        3        4        5        6        7        8        9       10       11       12       13       14       15       16       17       18       19   
-------+--------+--------+--------+--------+--------+--------+--------+--------+--------+--------+--------+--------+--------+--------+--------+--------+--------+--------+--------+-
1      | 000000 | 000000 |      1 | 000000 | 000000 | 000000 | 000000 | 000000 | 000000 | 000000 | 000000 | 000000 | 000000 | 000000 | 000000 | 000000 | 000000 | 000000 | 000000 | 
2      | 000000 | 000000 |      1 | 000000 | 000000 | 000000 | 000000 | 000000 | 000000 | 000000 | 000000 | 000000 | 000000 | 000000 | 000000 | 000000 | 000000 | 000000 | 000000 | 
3      |      1 |      1 | 000000 |      1 |      1 |      1 | 000000 | 000000 | 000000 | 000000 | 000000 | 000000 | 000000 | 000000 | 000000 | 000000 | 000000 | 000000 | 000000 | 
4      | 000000 | 000000 |      1 | 000000 | 000000 | 000000 | 000000 | 000000 | 000000 | 000000 | 000000 | 000000 | 000000 | 000000 | 000000 | 000000 | 000000 | 000000 | 000000 | 
5      | 000000 | 000000 |      1 | 000000 | 000000 | 000000 | 000000 | 000000 | 000000 | 000000 | 000000 | 000000 | 000000 | 000000 | 000000 | 000000 | 000000 | 000000 | 000000 | 
6      | 000000 | 000000 |      1 | 000000 | 000000 | 000000 | 000000 | 000000 |      1 | 000000 |      1 | 000000 | 000000 | 000000 | 000000 | 000000 | 000000 |      1 | 000000 | 
7      | 000000 | 000000 | 000000 | 000000 | 000000 | 000000 | 000000 | 000000 | 000000 |      1 | 000000 | 000000 | 000000 | 000000 | 000000 | 000000 | 000000 | 000000 | 000000 | 
8      | 000000 | 000000 | 000000 | 000000 | 000000 | 000000 | 000000 | 000000 |      1 | 000000 | 000000 | 000000 | 000000 | 000000 | 000000 | 000000 | 000000 | 000000 | 000000 | 
9      | 000000 | 000000 | 000000 | 000000 | 000000 |      1 | 000000 |      1 | 000000 |      1 | 000000 | 000000 | 000000 | 000000 | 000000 | 000000 | 000000 | 000000 | 000000 | 
10     | 000000 | 000000 | 000000 | 000000 | 000000 | 000000 |      1 | 000000 |      1 | 000000 | 000000 | 000000 | 000000 | 000000 | 000000 | 000000 | 000000 | 000000 | 000000 | 
11     | 000000 | 000000 | 000000 | 000000 | 000000 |      1 | 000000 | 000000 | 000000 | 000000 | 000000 |      1 | 000000 | 000000 | 000000 | 000000 | 000000 | 000000 |      1 | 
12     | 000000 | 000000 | 000000 | 000000 | 000000 | 000000 | 000000 | 000000 | 000000 | 000000 |      1 | 000000 |      1 | 000000 | 000000 | 000000 | 000000 | 000000 | 000000 | 
13     | 000000 | 000000 | 000000 | 000000 | 000000 | 000000 | 000000 | 000000 | 000000 | 000000 | 000000 |      1 | 000000 |      1 | 000000 | 000000 | 000000 | 000000 | 000000 | 
14     | 000000 | 000000 | 000000 | 000000 | 000000 | 000000 | 000000 | 000000 | 000000 | 000000 | 000000 | 000000 |      1 | 000000 |      1 |      1 |      1 | 000000 | 000000 | 
15     | 000000 | 000000 | 000000 | 000000 | 000000 | 000000 | 000000 | 000000 | 000000 | 000000 | 000000 | 000000 | 000000 |      1 | 000000 | 000000 | 000000 | 000000 | 000000 | 
16     | 000000 | 000000 | 000000 | 000000 | 000000 | 000000 | 000000 | 000000 | 000000 | 000000 | 000000 | 000000 | 000000 |      1 | 000000 | 000000 | 000000 | 000000 | 000000 | 
17     | 000000 | 000000 | 000000 | 000000 | 000000 | 000000 | 000000 | 000000 | 000000 | 000000 | 000000 | 000000 | 000000 |      1 | 000000 | 000000 | 000000 | 000000 | 000000 | 
18     | 000000 | 000000 | 000000 | 000000 | 000000 |      1 | 000000 | 000000 | 000000 | 000000 | 000000 | 000000 | 000000 | 000000 | 000000 | 000000 | 000000 | 000000 | 000000 | 
19     | 000000 | 000000 | 000000 | 000000 | 000000 | 000000 | 000000 | 000000 | 000000 | 000000 |      1 | 000000 | 000000 | 000000 | 000000 | 000000 | 000000 | 000000 | 000000 | 
-------+--------+--------+--------+--------+--------+--------+--------+--------+--------+--------+--------+--------+--------+--------+--------+--------+--------+--------+--------+-
Node     Links    Visited  minDist
-------+--------+--------+--------+-
1      | 1      | 0      | 0      | 
2      | 1      | 0      | 0      | 
3      | 5      | 0      | 20     | 
4      | 1      | 0      | 0      | 
5      | 1      | 0      | 0      | 
6      | 4      | 0      | 20     | 
7      | 1      | 0      | 0      | 
8      | 1      | 0      | 0      | 
9      | 3      | 0      | 20     | 
10     | 2      | 0      | 20     | 
11     | 3      | 0      | 20     | 
12     | 2      | 0      | 20     | 
13     | 2      | 0      | 20     | 
14     | 4      | 0      | 20     | 
15     | 1      | 0      | 0      | 
16     | 1      | 0      | 0      | 
17     | 1      | 0      | 0      | 
18     | 1      | 0      | 0      | 
19     | 1      | 0      | 0      | 
-------+--------+--------+--------+-
Queue#   Num PC
-------+--------+-
1      |      1 |
2      |      2 |
3      |      4 |
4      |      5 |
5      |      7 |
6      |      8 |
7      |     15 |
8      |     16 |
9      |     17 |
10     |     18 |
11     |     19 |
-------+--------+-
Node     Links    Visited  minDist
-------+--------+--------+--------+-
1      | 0      | 1      | 0      | 
2      | 0      | 1      | 0      | 
3      | 0      | 1      | 1      | 
4      | 0      | 1      | 0      | 
5      | 0      | 1      | 0      | 
6      | 0      | 1      | 3      | 
7      | 0      | 1      | 0      | 
8      | 0      | 1      | 0      | 
9      | 0      | 1      | 2      | 
10     | 0      | 1      | 1      | 
11     | 0      | 1      | 4      | 
12     | 0      | 1      | 3      | 
13     | 0      | 1      | 2      | 
14     | 0      | 1      | 1      | 
15     | 0      | 1      | 0      | 
16     | 0      | 1      | 0      | 
17     | 0      | 1      | 0      | 
18     | 0      | 1      | 0      | 
19     | 0      | 1      | 0      | 
-------+--------+--------+--------+-
Answer:
1
11
